k, X_re, X_im, X^2 ,
0, -0.000417, 0.000000, 0.000000
1, -0.000419, -0.000000, 0.000000
2, -0.000406, -0.000006, 0.000000
3, -0.000410, -0.000006, 0.000000
4, -0.000407, -0.000005, 0.000000
5, -0.000404, -0.000001, 0.000000
6, -0.000411, -0.000012, 0.000000
7, -0.000421, -0.000002, 0.000000
8, -0.000419, -0.000005, 0.000000
9, -0.000400, -0.000009, 0.000000
10, -0.000408, -0.000021, 0.000000
11, -0.000402, -0.000015, 0.000000
12, -0.000412, -0.000003, 0.000000
13, -0.000404, -0.000016, 0.000000
14, -0.000406, -0.000015, 0.000000
15, -0.000416, -0.000020, 0.000000
16, -0.000415, -0.000018, 0.000000
17, -0.000402, -0.000020, 0.000000
18, -0.000408, -0.000020, 0.000000
19, -0.000424, -0.000023, 0.000000
20, -0.000406, -0.000028, 0.000000
21, -0.000404, -0.000032, 0.000000
22, -0.000410, -0.000032, 0.000000
23, -0.000416, -0.000032, 0.000000
24, -0.000415, -0.000030, 0.000000
25, -0.000404, -0.000032, 0.000000
26, -0.000396, -0.000030, 0.000000
27, -0.000390, -0.000034, 0.000000
28, -0.000406, -0.000037, 0.000000
29, -0.000406, -0.000030, 0.000000
30, -0.000403, -0.000046, 0.000000
31, -0.000402, -0.000044, 0.000000
32, -0.000391, -0.000061, 0.000000
33, -0.000401, -0.000039, 0.000000
34, -0.000409, -0.000047, 0.000000
35, -0.000396, -0.000063, 0.000000
36, -0.000403, -0.000052, 0.000000
37, -0.000399, -0.000047, 0.000000
38, -0.000408, -0.000052, 0.000000
39, -0.000405, -0.000047, 0.000000
40, -0.000406, -0.000049, 0.000000
41, -0.000389, -0.000050, 0.000000
42, -0.000386, -0.000051, 0.000000
43, -0.000402, -0.000051, 0.000000
44, -0.000407, -0.000060, 0.000000
45, -0.000404, -0.000057, 0.000000
46, -0.000410, -0.000063, 0.000000
47, -0.000399, -0.000065, 0.000000
48, -0.000411, -0.000063, 0.000000
49, -0.000388, -0.000067, 0.000000
50, -0.000405, -0.000076, 0.000000
51, -0.000396, -0.000069, 0.000000
52, -0.000399, -0.000071, 0.000000
53, -0.000398, -0.000071, 0.000000
54, -0.000407, -0.000070, 0.000000
55, -0.000402, -0.000076, 0.000000
56, -0.000393, -0.000069, 0.000000
57, -0.000392, -0.000073, 0.000000
58, -0.000395, -0.000071, 0.000000
59, -0.000395, -0.000072, 0.000000
60, -0.000401, -0.000084, 0.000000
61, -0.000395, -0.000070, 0.000000
62, -0.000390, -0.000089, 0.000000
63, -0.000396, -0.000076, 0.000000
64, -0.000401, -0.000085, 0.000000
65, -0.000393, -0.000086, 0.000000
66, -0.000401, -0.000081, 0.000000
67, -0.000408, -0.000085, 0.000000
68, -0.000398, -0.000087, 0.000000
69, -0.000397, -0.000086, 0.000000
70, -0.000399, -0.000088, 0.000000
71, -0.000365, -0.000092, 0.000000
72, -0.000390, -0.000097, 0.000000
73, -0.000392, -0.000096, 0.000000
74, -0.000397, -0.000096, 0.000000
75, -0.000395, -0.000100, 0.000000
76, -0.000382, -0.000094, 0.000000
77, -0.000406, -0.000102, 0.000000
78, -0.000392, -0.000110, 0.000000
79, -0.000364, -0.000108, 0.000000
80, -0.000399, -0.000115, 0.000000
81, -0.000400, -0.000102, 0.000000
82, -0.000397, -0.000088, 0.000000
83, -0.000371, -0.000117, 0.000000
84, -0.000380, -0.000113, 0.000000
85, -0.000388, -0.000119, 0.000000
86, -0.000390, -0.000110, 0.000000
87, -0.000391, -0.000115, 0.000000
88, -0.000385, -0.000104, 0.000000
89, -0.000382, -0.000122, 0.000000
90, -0.000382, -0.000128, 0.000000
91, -0.000379, -0.000120, 0.000000
92, -0.000389, -0.000118, 0.000000
93, -0.000391, -0.000120, 0.000000
94, -0.000377, -0.000121, 0.000000
95, -0.000380, -0.000129, 0.000000
96, -0.000390, -0.000129, 0.000000
97, -0.000382, -0.000129, 0.000000
98, -0.000376, -0.000134, 0.000000
99, -0.000387, -0.000129, 0.000000
100, -0.000380, -0.000143, 0.000000
101, -0.000375, -0.000131, 0.000000
102, -0.000373, -0.000138, 0.000000
103, -0.000382, -0.000134, 0.000000
104, -0.000379, -0.000128, 0.000000
105, -0.000379, -0.000137, 0.000000
106, -0.000364, -0.000135, 0.000000
107, -0.000363, -0.000137, 0.000000
108, -0.000380, -0.000151, 0.000000
109, -0.000387, -0.000152, 0.000000
110, -0.000384, -0.000150, 0.000000
111, -0.000372, -0.000145, 0.000000
112, -0.000369, -0.000135, 0.000000
113, -0.000376, -0.000153, 0.000000
114, -0.000376, -0.000139, 0.000000
115, -0.000371, -0.000155, 0.000000
116, -0.000378, -0.000146, 0.000000
117, -0.000370, -0.000150, 0.000000
118, -0.000371, -0.000138, 0.000000
119, -0.000384, -0.000150, 0.000000
120, -0.000381, -0.000153, 0.000000
121, -0.000373, -0.000160, 0.000000
122, -0.000371, -0.000160, 0.000000
123, -0.000390, -0.000163, 0.000000
124, -0.000368, -0.000163, 0.000000
125, -0.000358, -0.000164, 0.000000
126, -0.000357, -0.000169, 0.000000
127, -0.000342, -0.000167, 0.000000
128, -0.000365, -0.000171, 0.000000
129, -0.000367, -0.000166, 0.000000
130, -0.000367, -0.000172, 0.000000
131, -0.000355, -0.000173, 0.000000
132, -0.000349, -0.000167, 0.000000
133, -0.000375, -0.000175, 0.000000
134, -0.000364, -0.000180, 0.000000
135, -0.000372, -0.000179, 0.000000
136, -0.000355, -0.000159, 0.000000
137, -0.000365, -0.000171, 0.000000
138, -0.000370, -0.000189, 0.000000
139, -0.000357, -0.000180, 0.000000
140, -0.000337, -0.000181, 0.000000
141, -0.000357, -0.000195, 0.000000
142, -0.000355, -0.000197, 0.000000
143, -0.000365, -0.000176, 0.000000
144, -0.000356, -0.000183, 0.000000
145, -0.000346, -0.000174, 0.000000
146, -0.000364, -0.000187, 0.000000
147, -0.000345, -0.000191, 0.000000
148, -0.000330, -0.000191, 0.000000
149, -0.000350, -0.000194, 0.000000
150, -0.000344, -0.000202, 0.000000
151, -0.000357, -0.000198, 0.000000
152, -0.000361, -0.000199, 0.000000
153, -0.000357, -0.000194, 0.000000
154, -0.000343, -0.000198, 0.000000
155, -0.000341, -0.000205, 0.000000
156, -0.000355, -0.000205, 0.000000
157, -0.000345, -0.000189, 0.000000
158, -0.000353, -0.000211, 0.000000
159, -0.000350, -0.000212, 0.000000
160, -0.000358, -0.000209, 0.000000
161, -0.000343, -0.000199, 0.000000
162, -0.000349, -0.000206, 0.000000
163, -0.000344, -0.000217, 0.000000
164, -0.000341, -0.000213, 0.000000
165, -0.000322, -0.000210, 0.000000
166, -0.000346, -0.000225, 0.000000
167, -0.000341, -0.000224, 0.000000
168, -0.000336, -0.000216, 0.000000
169, -0.000336, -0.000232, 0.000000
170, -0.000340, -0.000219, 0.000000
171, -0.000348, -0.000224, 0.000000
172, -0.000336, -0.000228, 0.000000
173, -0.000350, -0.000217, 0.000000
174, -0.000327, -0.000225, 0.000000
175, -0.000324, -0.000222, 0.000000
176, -0.000322, -0.000229, 0.000000
177, -0.000324, -0.000232, 0.000000
178, -0.000331, -0.000229, 0.000000
179, -0.000316, -0.000231, 0.000000
180, -0.000329, -0.000235, 0.000000
181, -0.000331, -0.000233, 0.000000
182, -0.000324, -0.000236, 0.000000
183, -0.000326, -0.000246, 0.000000
184, -0.000321, -0.000243, 0.000000
185, -0.000331, -0.000248, 0.000000
186, -0.000325, -0.000240, 0.000000
187, -0.000325, -0.000248, 0.000000
188, -0.000327, -0.000239, 0.000000
189, -0.000326, -0.000238, 0.000000
190, -0.000330, -0.000248, 0.000000
191, -0.000326, -0.000255, 0.000000
192, -0.000326, -0.000248, 0.000000
193, -0.000326, -0.000250, 0.000000
194, -0.000330, -0.000265, 0.000000
195, -0.000324, -0.000250, 0.000000
196, -0.000323, -0.000257, 0.000000
197, -0.000326, -0.000257, 0.000000
198, -0.000319, -0.000264, 0.000000
199, -0.000315, -0.000260, 0.000000
200, -0.000311, -0.000259, 0.000000
201, -0.000318, -0.000259, 0.000000
202, -0.000329, -0.000263, 0.000000
203, -0.000318, -0.000270, 0.000000
204, -0.000306, -0.000272, 0.000000
205, -0.000305, -0.000265, 0.000000
206, -0.000329, -0.000270, 0.000000
207, -0.000316, -0.000278, 0.000000
208, -0.000308, -0.000263, 0.000000
209, -0.000323, -0.000276, 0.000000
210, -0.000303, -0.000286, 0.000000
211, -0.000306, -0.000275, 0.000000
212, -0.000310, -0.000284, 0.000000
213, -0.000298, -0.000266, 0.000000
214, -0.000304, -0.000273, 0.000000
215, -0.000318, -0.000285, 0.000000
216, -0.000299, -0.000281, 0.000000
217, -0.000298, -0.000281, 0.000000
218, -0.000307, -0.000285, 0.000000
219, -0.000297, -0.000288, 0.000000
220, -0.000304, -0.000287, 0.000000
221, -0.000305, -0.000288, 0.000000
222, -0.000290, -0.000286, 0.000000
223, -0.000302, -0.000294, 0.000000
224, -0.000298, -0.000290, 0.000000
225, -0.000302, -0.000282, 0.000000
226, -0.000286, -0.000295, 0.000000
227, -0.000276, -0.000298, 0.000000
228, -0.000287, -0.000299, 0.000000
229, -0.000297, -0.000296, 0.000000
230, -0.000284, -0.000296, 0.000000
231, -0.000276, -0.000309, 0.000000
232, -0.000305, -0.000302, 0.000000
233, -0.000294, -0.000294, 0.000000
234, -0.000279, -0.000302, 0.000000
235, -0.000291, -0.000318, 0.000000
236, -0.000285, -0.000313, 0.000000
237, -0.000274, -0.000309, 0.000000
238, -0.000291, -0.000308, 0.000000
239, -0.000270, -0.000310, 0.000000
240, -0.000288, -0.000318, 0.000000
241, -0.000290, -0.000308, 0.000000
242, -0.000281, -0.000312, 0.000000
243, -0.000268, -0.000310, 0.000000
244, -0.000289, -0.000308, 0.000000
245, -0.000284, -0.000318, 0.000000
246, -0.000278, -0.000321, 0.000000
247, -0.000269, -0.000320, 0.000000
248, -0.000286, -0.000323, 0.000000
249, -0.000261, -0.000323, 0.000000
250, -0.000269, -0.000328, 0.000000
251, -0.000282, -0.000323, 0.000000
252, -0.000272, -0.000323, 0.000000
253, -0.000279, -0.000328, 0.000000
254, -0.000263, -0.000325, 0.000000
255, -0.000271, -0.000332, 0.000000
256, -0.000257, -0.000337, 0.000000
257, -0.000242, -0.000337, 0.000000
258, -0.000272, -0.000341, 0.000000
259, -0.000263, -0.000342, 0.000000
260, -0.000269, -0.000348, 0.000000
261, -0.000264, -0.000348, 0.000000
262, -0.000263, -0.000334, 0.000000
263, -0.000258, -0.000350, 0.000000
264, -0.000261, -0.000338, 0.000000
265, -0.000267, -0.000353, 0.000000
266, -0.000249, -0.000354, 0.000000
267, -0.000260, -0.000352, 0.000000
268, -0.000270, -0.000358, 0.000000
269, -0.000241, -0.000347, 0.000000
270, -0.000250, -0.000363, 0.000000
271, -0.000267, -0.000355, 0.000000
272, -0.000255, -0.000357, 0.000000
273, -0.000235, -0.000359, 0.000000
274, -0.000255, -0.000359, 0.000000
275, -0.000251, -0.000341, 0.000000
276, -0.000238, -0.000357, 0.000000
277, -0.000259, -0.000365, 0.000000
278, -0.000241, -0.000365, 0.000000
279, -0.000242, -0.000372, 0.000000
280, -0.000248, -0.000356, 0.000000
281, -0.000246, -0.000371, 0.000000
282, -0.000242, -0.000362, 0.000000
283, -0.000217, -0.000386, 0.000000
284, -0.000234, -0.000376, 0.000000
285, -0.000227, -0.000374, 0.000000
286, -0.000222, -0.000368, 0.000000
287, -0.000233, -0.000371, 0.000000
288, -0.000232, -0.000385, 0.000000
289, -0.000229, -0.000384, 0.000000
290, -0.000229, -0.000393, 0.000000
291, -0.000232, -0.000381, 0.000000
292, -0.000221, -0.000383, 0.000000
293, -0.000220, -0.000376, 0.000000
294, -0.000243, -0.000385, 0.000000
295, -0.000223, -0.000393, 0.000000
296, -0.000224, -0.000393, 0.000000
297, -0.000221, -0.000391, 0.000000
298, -0.000216, -0.000394, 0.000000
299, -0.000198, -0.000391, 0.000000
300, -0.000218, -0.000395, 0.000000
301, -0.000217, -0.000393, 0.000000
302, -0.000222, -0.000402, 0.000000
303, -0.000206, -0.000396, 0.000000
304, -0.000227, -0.000396, 0.000000
305, -0.000216, -0.000399, 0.000000
306, -0.000198, -0.000401, 0.000000
307, -0.000237, -0.000401, 0.000000
308, -0.000195, -0.000404, 0.000000
309, -0.000199, -0.000405, 0.000000
310, -0.000205, -0.000403, 0.000000
311, -0.000205, -0.000409, 0.000000
312, -0.000199, -0.000411, 0.000000
313, -0.000212, -0.000411, 0.000000
314, -0.000204, -0.000424, 0.000000
315, -0.000200, -0.000425, 0.000000
316, -0.000191, -0.000420, 0.000000
317, -0.000208, -0.000428, 0.000000
318, -0.000183, -0.000417, 0.000000
319, -0.000202, -0.000418, 0.000000
320, -0.000182, -0.000420, 0.000000
321, -0.000175, -0.000418, 0.000000
322, -0.000186, -0.000426, 0.000000
323, -0.000205, -0.000428, 0.000000
324, -0.000187, -0.000427, 0.000000
325, -0.000195, -0.000418, 0.000000
326, -0.000181, -0.000430, 0.000000
327, -0.000164, -0.000433, 0.000000
328, -0.000185, -0.000432, 0.000000
329, -0.000172, -0.000435, 0.000000
330, -0.000180, -0.000445, 0.000000
331, -0.000188, -0.000430, 0.000000
332, -0.000165, -0.000445, 0.000000
333, -0.000190, -0.000426, 0.000000
334, -0.000172, -0.000436, 0.000000
335, -0.000170, -0.000431, 0.000000
336, -0.000172, -0.000443, 0.000000
337, -0.000182, -0.000442, 0.000000
338, -0.000157, -0.000431, 0.000000
339, -0.000173, -0.000436, 0.000000
340, -0.000150, -0.000443, 0.000000
341, -0.000172, -0.000441, 0.000000
342, -0.000163, -0.000446, 0.000000
343, -0.000150, -0.000455, 0.000000
344, -0.000156, -0.000446, 0.000000
345, -0.000150, -0.000455, 0.000000
346, -0.000155, -0.000450, 0.000000
347, -0.000156, -0.000457, 0.000000
348, -0.000157, -0.000450, 0.000000
349, -0.000146, -0.000449, 0.000000
350, -0.000163, -0.000467, 0.000000
351, -0.000139, -0.000459, 0.000000
352, -0.000143, -0.000455, 0.000000
353, -0.000149, -0.000466, 0.000000
354, -0.000136, -0.000470, 0.000000
355, -0.000146, -0.000465, 0.000000
356, -0.000132, -0.000459, 0.000000
357, -0.000139, -0.000471, 0.000000
358, -0.000142, -0.000468, 0.000000
359, -0.000145, -0.000473, 0.000000
360, -0.000136, -0.000467, 0.000000
361, -0.000138, -0.000466, 0.000000
362, -0.000123, -0.000477, 0.000000
363, -0.000134, -0.000463, 0.000000
364, -0.000133, -0.000473, 0.000000
365, -0.000115, -0.000473, 0.000000
366, -0.000121, -0.000479, 0.000000
367, -0.000108, -0.000464, 0.000000
368, -0.000124, -0.000494, 0.000000
369, -0.000126, -0.000483, 0.000000
370, -0.000114, -0.000487, 0.000000
371, -0.000128, -0.000492, 0.000000
372, -0.000136, -0.000490, 0.000000
373, -0.000112, -0.000487, 0.000000
374, -0.000114, -0.000490, 0.000000
375, -0.000128, -0.000494, 0.000000
376, -0.000116, -0.000495, 0.000000
377, -0.000127, -0.000496, 0.000000
378, -0.000104, -0.000491, 0.000000
379, -0.000118, -0.000497, 0.000000
380, -0.000108, -0.000496, 0.000000
381, -0.000103, -0.000498, 0.000000
382, -0.000110, -0.000502, 0.000000
383, -0.000096, -0.000497, 0.000000
384, -0.000107, -0.000496, 0.000000
385, -0.000101, -0.000504, 0.000000
386, -0.000099, -0.000510, 0.000000
387, -0.000090, -0.000509, 0.000000
388, -0.000088, -0.000510, 0.000000
389, -0.000100, -0.000505, 0.000000
390, -0.000082, -0.000503, 0.000000
391, -0.000095, -0.000514, 0.000000
392, -0.000088, -0.000507, 0.000000
393, -0.000092, -0.000527, 0.000000
394, -0.000064, -0.000524, 0.000000
395, -0.000083, -0.000509, 0.000000
396, -0.000059, -0.000512, 0.000000
397, -0.000077, -0.000512, 0.000000
398, -0.000079, -0.000515, 0.000000
399, -0.000069, -0.000521, 0.000000
400, -0.000072, -0.000532, 0.000000
401, -0.000067, -0.000522, 0.000000
402, -0.000059, -0.000521, 0.000000
403, -0.000066, -0.000527, 0.000000
404, -0.000055, -0.000531, 0.000000
405, -0.000071, -0.000535, 0.000000
406, -0.000069, -0.000534, 0.000000
407, -0.000052, -0.000545, 0.000000
408, -0.000054, -0.000530, 0.000000
409, -0.000041, -0.000526, 0.000000
410, -0.000063, -0.000535, 0.000000
411, -0.000052, -0.000538, 0.000000
412, -0.000048, -0.000534, 0.000000
413, -0.000047, -0.000547, 0.000000
414, -0.000051, -0.000550, 0.000000
415, -0.000041, -0.000548, 0.000000
416, -0.000041, -0.000554, 0.000000
417, -0.000044, -0.000555, 0.000000
418, -0.000020, -0.000550, 0.000000
419, -0.000050, -0.000561, 0.000000
420, -0.000030, -0.000543, 0.000000
421, -0.000018, -0.000545, 0.000000
422, -0.000037, -0.000546, 0.000000
423, -0.000037, -0.000561, 0.000000
424, -0.000019, -0.000548, 0.000000
425, -0.000017, -0.000558, 0.000000
426, -0.000020, -0.000553, 0.000000
427, -0.000029, -0.000555, 0.000000
428, -0.000024, -0.000563, 0.000000
429, -0.000019, -0.000569, 0.000000
430, -0.000009, -0.000556, 0.000000
431, -0.000005, -0.000561, 0.000000
432, -0.000031, -0.000561, 0.000000
433, -0.000007, -0.000570, 0.000000
434, -0.000018, -0.000573, 0.000000
435, -0.000007, -0.000568, 0.000000
436, -0.000006, -0.000572, 0.000000
437, -0.000007, -0.000566, 0.000000
438, 0.000003, -0.000580, 0.000000
439, 0.000009, -0.000582, 0.000000
440, 0.000018, -0.000586, 0.000000
441, 0.000008, -0.000576, 0.000000
442, 0.000018, -0.000581, 0.000000
443, 0.000029, -0.000581, 0.000000
444, 0.000029, -0.000588, 0.000000
445, 0.000015, -0.000581, 0.000000
446, 0.000019, -0.000580, 0.000000
447, 0.000013, -0.000580, 0.000000
448, 0.000030, -0.000586, 0.000000
449, 0.000028, -0.000583, 0.000000
450, 0.000030, -0.000593, 0.000000
451, 0.000027, -0.000591, 0.000000
452, 0.000038, -0.000591, 0.000000
453, 0.000040, -0.000582, 0.000000
454, 0.000036, -0.000592, 0.000000
455, 0.000040, -0.000583, 0.000000
456, 0.000034, -0.000594, 0.000000
457, 0.000040, -0.000585, 0.000000
458, 0.000043, -0.000600, 0.000000
459, 0.000061, -0.000598, 0.000000
460, 0.000056, -0.000600, 0.000000
461, 0.000050, -0.000608, 0.000000
462, 0.000058, -0.000609, 0.000000
463, 0.000063, -0.000609, 0.000000
464, 0.000068, -0.000612, 0.000000
465, 0.000053, -0.000623, 0.000000
466, 0.000059, -0.000608, 0.000000
467, 0.000068, -0.000610, 0.000000
468, 0.000065, -0.000617, 0.000000
469, 0.000073, -0.000608, 0.000000
470, 0.000075, -0.000619, 0.000000
471, 0.000074, -0.000618, 0.000000
472, 0.000069, -0.000616, 0.000000
473, 0.000069, -0.000618, 0.000000
474, 0.000080, -0.000621, 0.000000
475, 0.000092, -0.000624, 0.000000
476, 0.000084, -0.000623, 0.000000
477, 0.000089, -0.000625, 0.000000
478, 0.000092, -0.000620, 0.000000
479, 0.000098, -0.000624, 0.000000
480, 0.000104, -0.000621, 0.000000
481, 0.000112, -0.000632, 0.000000
482, 0.000114, -0.000642, 0.000000
483, 0.000107, -0.000630, 0.000000
484, 0.000102, -0.000635, 0.000000
485, 0.000132, -0.000635, 0.000000
486, 0.000116, -0.000644, 0.000000
487, 0.000124, -0.000643, 0.000000
488, 0.000110, -0.000627, 0.000000
489, 0.000118, -0.000632, 0.000000
490, 0.000104, -0.000646, 0.000000
491, 0.000139, -0.000645, 0.000000
492, 0.000141, -0.000646, 0.000000
493, 0.000117, -0.000641, 0.000000
494, 0.000121, -0.000632, 0.000000
495, 0.000133, -0.000655, 0.000000
496, 0.000136, -0.000642, 0.000000
497, 0.000139, -0.000648, 0.000000
498, 0.000157, -0.000650, 0.000000
499, 0.000145, -0.000655, 0.000000
500, 0.000151, -0.000654, 0.000000
501, 0.000148, -0.000652, 0.000000
502, 0.000140, -0.000657, 0.000000
503, 0.000147, -0.000659, 0.000000
504, 0.000150, -0.000665, 0.000000
505, 0.000157, -0.000652, 0.000000
506, 0.000168, -0.000675, 0.000000
507, 0.000174, -0.000666, 0.000000
508, 0.000166, -0.000662, 0.000000
509, 0.000178, -0.000662, 0.000000
510, 0.000190, -0.000661, 0.000000
511, 0.000177, -0.000675, 0.000000
512, 0.000169, -0.000681, 0.000000
513, 0.000194, -0.000664, 0.000000
514, 0.000187, -0.000663, 0.000000
515, 0.000185, -0.000672, 0.000000
516, 0.000191, -0.000672, 0.000000
517, 0.000190, -0.000677, 0.000000
518, 0.000205, -0.000665, 0.000000
519, 0.000215, -0.000675, 0.000001
520, 0.000204, -0.000686, 0.000001
521, 0.000208, -0.000683, 0.000001
522, 0.000212, -0.000688, 0.000001
523, 0.000199, -0.000682, 0.000001
524, 0.000216, -0.000684, 0.000001
525, 0.000225, -0.000684, 0.000001
526, 0.000225, -0.000686, 0.000001
527, 0.000242, -0.000690, 0.000001
528, 0.000225, -0.000691, 0.000001
529, 0.000227, -0.000689, 0.000001
530, 0.000234, -0.000688, 0.000001
531, 0.000253, -0.000699, 0.000001
532, 0.000241, -0.000690, 0.000001
533, 0.000249, -0.000697, 0.000001
534, 0.000249, -0.000699, 0.000001
535, 0.000247, -0.000684, 0.000001
536, 0.000248, -0.000695, 0.000001
537, 0.000253, -0.000698, 0.000001
538, 0.000253, -0.000698, 0.000001
539, 0.000264, -0.000699, 0.000001
540, 0.000272, -0.000707, 0.000001
541, 0.000270, -0.000709, 0.000001
542, 0.000258, -0.000707, 0.000001
543, 0.000262, -0.000722, 0.000001
544, 0.000253, -0.000713, 0.000001
545, 0.000286, -0.000724, 0.000001
546, 0.000271, -0.000716, 0.000001
547, 0.000292, -0.000725, 0.000001
548, 0.000281, -0.000717, 0.000001
549, 0.000295, -0.000717, 0.000001
550, 0.000305, -0.000714, 0.000001
551, 0.000296, -0.000724, 0.000001
552, 0.000291, -0.000721, 0.000001
553, 0.000318, -0.000727, 0.000001
554, 0.000311, -0.000727, 0.000001
555, 0.000324, -0.000726, 0.000001
556, 0.000312, -0.000719, 0.000001
557, 0.000319, -0.000726, 0.000001
558, 0.000316, -0.000726, 0.000001
559, 0.000323, -0.000731, 0.000001
560, 0.000319, -0.000721, 0.000001
561, 0.000330, -0.000725, 0.000001
562, 0.000341, -0.000728, 0.000001
563, 0.000344, -0.000741, 0.000001
564, 0.000347, -0.000735, 0.000001
565, 0.000363, -0.000740, 0.000001
566, 0.000338, -0.000734, 0.000001
567, 0.000351, -0.000738, 0.000001
568, 0.000358, -0.000746, 0.000001
569, 0.000375, -0.000746, 0.000001
570, 0.000362, -0.000751, 0.000001
571, 0.000367, -0.000738, 0.000001
572, 0.000378, -0.000744, 0.000001
573, 0.000405, -0.000752, 0.000001
574, 0.000385, -0.000754, 0.000001
575, 0.000396, -0.000750, 0.000001
576, 0.000379, -0.000759, 0.000001
577, 0.000393, -0.000746, 0.000001
578, 0.000392, -0.000762, 0.000001
579, 0.000400, -0.000762, 0.000001
580, 0.000394, -0.000764, 0.000001
581, 0.000390, -0.000746, 0.000001
582, 0.000418, -0.000757, 0.000001
583, 0.000403, -0.000752, 0.000001
584, 0.000416, -0.000753, 0.000001
585, 0.000424, -0.000759, 0.000001
586, 0.000427, -0.000757, 0.000001
587, 0.000440, -0.000760, 0.000001
588, 0.000442, -0.000774, 0.000001
589, 0.000437, -0.000769, 0.000001
590, 0.000461, -0.000772, 0.000001
591, 0.000459, -0.000781, 0.000001
592, 0.000464, -0.000777, 0.000001
593, 0.000467, -0.000763, 0.000001
594, 0.000477, -0.000773, 0.000001
595, 0.000472, -0.000772, 0.000001
596, 0.000475, -0.000776, 0.000001
597, 0.000473, -0.000780, 0.000001
598, 0.000473, -0.000786, 0.000001
599, 0.000488, -0.000785, 0.000001
600, 0.000482, -0.000775, 0.000001
601, 0.000493, -0.000787, 0.000001
602, 0.000505, -0.000792, 0.000001
603, 0.000495, -0.000795, 0.000001
604, 0.000518, -0.000795, 0.000001
605, 0.000510, -0.000799, 0.000001
606, 0.000532, -0.000783, 0.000001
607, 0.000521, -0.000780, 0.000001
608, 0.000533, -0.000800, 0.000001
609, 0.000522, -0.000793, 0.000001
610, 0.000534, -0.000804, 0.000001
611, 0.000533, -0.000802, 0.000001
612, 0.000534, -0.000797, 0.000001
613, 0.000536, -0.000798, 0.000001
614, 0.000533, -0.000797, 0.000001
615, 0.000548, -0.000803, 0.000001
616, 0.000563, -0.000811, 0.000001
617, 0.000567, -0.000810, 0.000001
618, 0.000546, -0.000806, 0.000001
619, 0.000568, -0.000809, 0.000001
620, 0.000572, -0.000811, 0.000001
621, 0.000566, -0.000810, 0.000001
622, 0.000588, -0.000817, 0.000001
623, 0.000592, -0.000811, 0.000001
624, 0.000603, -0.000812, 0.000001
625, 0.000595, -0.000813, 0.000001
626, 0.000593, -0.000817, 0.000001
627, 0.000622, -0.000820, 0.000001
628, 0.000620, -0.000817, 0.000001
629, 0.000592, -0.000815, 0.000001
630, 0.000615, -0.000820, 0.000001
631, 0.000623, -0.000824, 0.000001
632, 0.000654, -0.000813, 0.000001
633, 0.000654, -0.000843, 0.000001
634, 0.000649, -0.000828, 0.000001
635, 0.000662, -0.000834, 0.000001
636, 0.000654, -0.000834, 0.000001
637, 0.000656, -0.000844, 0.000001
638, 0.000668, -0.000830, 0.000001
639, 0.000685, -0.000841, 0.000001
640, 0.000676, -0.000840, 0.000001
641, 0.000692, -0.000834, 0.000001
642, 0.000698, -0.000839, 0.000001
643, 0.000684, -0.000836, 0.000001
644, 0.000722, -0.000848, 0.000001
645, 0.000715, -0.000842, 0.000001
646, 0.000710, -0.000837, 0.000001
647, 0.000719, -0.000841, 0.000001
648, 0.000732, -0.000852, 0.000001
649, 0.000717, -0.000848, 0.000001
650, 0.000726, -0.000840, 0.000001
651, 0.000748, -0.000858, 0.000001
652, 0.000758, -0.000857, 0.000001
653, 0.000760, -0.000850, 0.000001
654, 0.000759, -0.000857, 0.000001
655, 0.000770, -0.000852, 0.000001
656, 0.000800, -0.000861, 0.000001
657, 0.000783, -0.000852, 0.000001
658, 0.000772, -0.000861, 0.000001
659, 0.000784, -0.000866, 0.000001
660, 0.000808, -0.000864, 0.000001
661, 0.000806, -0.000871, 0.000001
662, 0.000824, -0.000876, 0.000001
663, 0.000815, -0.000865, 0.000001
664, 0.000818, -0.000864, 0.000001
665, 0.000824, -0.000876, 0.000001
666, 0.000831, -0.000871, 0.000001
667, 0.000831, -0.000881, 0.000001
668, 0.000864, -0.000862, 0.000001
669, 0.000841, -0.000877, 0.000001
670, 0.000859, -0.000862, 0.000001
671, 0.000864, -0.000872, 0.000002
672, 0.000880, -0.000875, 0.000002
673, 0.000884, -0.000874, 0.000002
674, 0.000893, -0.000877, 0.000002
675, 0.000884, -0.000889, 0.000002
676, 0.000889, -0.000880, 0.000002
677, 0.000897, -0.000879, 0.000002
678, 0.000910, -0.000881, 0.000002
679, 0.000945, -0.000889, 0.000002
680, 0.000929, -0.000887, 0.000002
681, 0.000942, -0.000889, 0.000002
682, 0.000934, -0.000890, 0.000002
683, 0.000948, -0.000879, 0.000002
684, 0.000958, -0.000887, 0.000002
685, 0.000973, -0.000882, 0.000002
686, 0.000975, -0.000883, 0.000002
687, 0.000975, -0.000896, 0.000002
688, 0.000994, -0.000896, 0.000002
689, 0.000991, -0.000898, 0.000002
690, 0.001002, -0.000904, 0.000002
691, 0.001010, -0.000902, 0.000002
692, 0.001008, -0.000903, 0.000002
693, 0.001027, -0.000906, 0.000002
694, 0.001046, -0.000906, 0.000002
695, 0.001051, -0.000908, 0.000002
696, 0.001027, -0.000911, 0.000002
697, 0.001048, -0.000911, 0.000002
698, 0.001063, -0.000905, 0.000002
699, 0.001061, -0.000914, 0.000002
700, 0.001078, -0.000912, 0.000002
701, 0.001090, -0.000916, 0.000002
702, 0.001107, -0.000913, 0.000002
703, 0.001108, -0.000916, 0.000002
704, 0.001100, -0.000914, 0.000002
705, 0.001137, -0.000913, 0.000002
706, 0.001129, -0.000922, 0.000002
707, 0.001155, -0.000930, 0.000002
708, 0.001157, -0.000924, 0.000002
709, 0.001162, -0.000926, 0.000002
710, 0.001160, -0.000914, 0.000002
711, 0.001177, -0.000923, 0.000002
712, 0.001194, -0.000922, 0.000002
713, 0.001200, -0.000936, 0.000002
714, 0.001210, -0.000939, 0.000002
715, 0.001211, -0.000933, 0.000002
716, 0.001233, -0.000930, 0.000002
717, 0.001247, -0.000921, 0.000002
718, 0.001242, -0.000945, 0.000002
719, 0.001252, -0.000936, 0.000002
720, 0.001261, -0.000951, 0.000002
721, 0.001290, -0.000935, 0.000003
722, 0.001283, -0.000941, 0.000003
723, 0.001286, -0.000942, 0.000003
724, 0.001302, -0.000950, 0.000003
725, 0.001316, -0.000966, 0.000003
726, 0.001321, -0.000947, 0.000003
727, 0.001333, -0.000948, 0.000003
728, 0.001347, -0.000949, 0.000003
729, 0.001364, -0.000952, 0.000003
730, 0.001364, -0.000944, 0.000003
731, 0.001384, -0.000960, 0.000003
732, 0.001385, -0.000949, 0.000003
733, 0.001399, -0.000954, 0.000003
734, 0.001429, -0.000953, 0.000003
735, 0.001420, -0.000954, 0.000003
736, 0.001435, -0.000968, 0.000003
737, 0.001444, -0.000957, 0.000003
738, 0.001452, -0.000972, 0.000003
739, 0.001470, -0.000959, 0.000003
740, 0.001470, -0.000959, 0.000003
741, 0.001485, -0.000964, 0.000003
742, 0.001500, -0.000965, 0.000003
743, 0.001515, -0.000970, 0.000003
744, 0.001521, -0.000970, 0.000003
745, 0.001522, -0.000975, 0.000003
746, 0.001542, -0.000982, 0.000003
747, 0.001565, -0.000979, 0.000003
748, 0.001572, -0.000983, 0.000003
749, 0.001577, -0.000984, 0.000003
750, 0.001593, -0.000979, 0.000003
751, 0.001617, -0.000984, 0.000004
752, 0.001637, -0.000984, 0.000004
753, 0.001637, -0.000987, 0.000004
754, 0.001675, -0.000986, 0.000004
755, 0.001666, -0.000989, 0.000004
756, 0.001674, -0.000998, 0.000004
757, 0.001698, -0.000997, 0.000004
758, 0.001719, -0.000995, 0.000004
759, 0.001714, -0.000998, 0.000004
760, 0.001752, -0.000989, 0.000004
761, 0.001749, -0.000997, 0.000004
762, 0.001757, -0.000999, 0.000004
763, 0.001781, -0.000998, 0.000004
764, 0.001802, -0.000993, 0.000004
765, 0.001806, -0.000988, 0.000004
766, 0.001827, -0.001004, 0.000004
767, 0.001819, -0.001013, 0.000004
768, 0.001847, -0.001004, 0.000004
769, 0.001880, -0.000998, 0.000005
770, 0.001891, -0.001010, 0.000005
771, 0.001893, -0.001011, 0.000005
772, 0.001926, -0.001008, 0.000005
773, 0.001944, -0.001008, 0.000005
774, 0.001956, -0.001011, 0.000005
775, 0.001974, -0.001025, 0.000005
776, 0.001986, -0.001016, 0.000005
777, 0.001995, -0.001013, 0.000005
778, 0.002016, -0.001020, 0.000005
779, 0.002047, -0.001019, 0.000005
780, 0.002062, -0.001020, 0.000005
781, 0.002084, -0.001018, 0.000005
782, 0.002087, -0.001022, 0.000005
783, 0.002112, -0.001026, 0.000006
784, 0.002132, -0.001025, 0.000006
785, 0.002174, -0.001022, 0.000006
786, 0.002175, -0.001033, 0.000006
787, 0.002196, -0.001041, 0.000006
788, 0.002203, -0.001022, 0.000006
789, 0.002243, -0.001031, 0.000006
790, 0.002253, -0.001020, 0.000006
791, 0.002262, -0.001030, 0.000006
792, 0.002286, -0.001043, 0.000006
793, 0.002328, -0.001028, 0.000006
794, 0.002320, -0.001036, 0.000006
795, 0.002357, -0.001041, 0.000007
796, 0.002386, -0.001035, 0.000007
797, 0.002406, -0.001036, 0.000007
798, 0.002431, -0.001043, 0.000007
799, 0.002439, -0.001048, 0.000007
800, 0.002478, -0.001048, 0.000007
801, 0.002501, -0.001047, 0.000007
802, 0.002527, -0.001042, 0.000007
803, 0.002549, -0.001049, 0.000008
804, 0.002578, -0.001049, 0.000008
805, 0.002595, -0.001057, 0.000008
806, 0.002603, -0.001042, 0.000008
807, 0.002644, -0.001056, 0.000008
808, 0.002667, -0.001058, 0.000008
809, 0.002692, -0.001051, 0.000008
810, 0.002736, -0.001058, 0.000009
811, 0.002742, -0.001068, 0.000009
812, 0.002780, -0.001067, 0.000009
813, 0.002815, -0.001058, 0.000009
814, 0.002836, -0.001066, 0.000009
815, 0.002854, -0.001058, 0.000009
816, 0.002912, -0.001063, 0.000010
817, 0.002941, -0.001060, 0.000010
818, 0.002964, -0.001070, 0.000010
819, 0.002994, -0.001073, 0.000010
820, 0.003038, -0.001071, 0.000010
821, 0.003064, -0.001075, 0.000011
822, 0.003087, -0.001077, 0.000011
823, 0.003094, -0.001074, 0.000011
824, 0.003158, -0.001077, 0.000011
825, 0.003197, -0.001084, 0.000011
826, 0.003215, -0.001081, 0.000012
827, 0.003288, -0.001089, 0.000012
828, 0.003305, -0.001078, 0.000012
829, 0.003345, -0.001082, 0.000012
830, 0.003382, -0.001087, 0.000013
831, 0.003401, -0.001074, 0.000013
832, 0.003446, -0.001090, 0.000013
833, 0.003510, -0.001082, 0.000013
834, 0.003533, -0.001080, 0.000014
835, 0.003580, -0.001096, 0.000014
836, 0.003616, -0.001093, 0.000014
837, 0.003672, -0.001089, 0.000015
838, 0.003707, -0.001100, 0.000015
839, 0.003753, -0.001107, 0.000015
840, 0.003802, -0.001097, 0.000016
841, 0.003852, -0.001093, 0.000016
842, 0.003902, -0.001094, 0.000016
843, 0.003934, -0.001116, 0.000017
844, 0.004001, -0.001101, 0.000017
845, 0.004039, -0.001100, 0.000018
846, 0.004106, -0.001108, 0.000018
847, 0.004158, -0.001111, 0.000019
848, 0.004213, -0.001107, 0.000019
849, 0.004268, -0.001108, 0.000019
850, 0.004345, -0.001103, 0.000020
851, 0.004390, -0.001111, 0.000021
852, 0.004438, -0.001115, 0.000021
853, 0.004508, -0.001115, 0.000022
854, 0.004582, -0.001119, 0.000022
855, 0.004633, -0.001131, 0.000023
856, 0.004718, -0.001122, 0.000024
857, 0.004767, -0.001129, 0.000024
858, 0.004854, -0.001108, 0.000025
859, 0.004927, -0.001111, 0.000026
860, 0.004986, -0.001124, 0.000026
861, 0.005071, -0.001125, 0.000027
862, 0.005161, -0.001116, 0.000028
863, 0.005233, -0.001134, 0.000029
864, 0.005319, -0.001146, 0.000030
865, 0.005420, -0.001126, 0.000031
866, 0.005507, -0.001125, 0.000032
867, 0.005581, -0.001130, 0.000032
868, 0.005692, -0.001138, 0.000034
869, 0.005804, -0.001132, 0.000035
870, 0.005881, -0.001133, 0.000036
871, 0.005976, -0.001139, 0.000037
872, 0.006097, -0.001134, 0.000038
873, 0.006218, -0.001138, 0.000040
874, 0.006324, -0.001136, 0.000041
875, 0.006448, -0.001141, 0.000043
876, 0.006554, -0.001141, 0.000044
877, 0.006697, -0.001142, 0.000046
878, 0.006825, -0.001145, 0.000048
879, 0.006950, -0.001145, 0.000050
880, 0.007109, -0.001151, 0.000052
881, 0.007261, -0.001155, 0.000054
882, 0.007417, -0.001166, 0.000056
883, 0.007581, -0.001154, 0.000059
884, 0.007731, -0.001159, 0.000061
885, 0.007906, -0.001150, 0.000064
886, 0.008098, -0.001166, 0.000067
887, 0.008301, -0.001151, 0.000070
888, 0.008509, -0.001169, 0.000074
889, 0.008712, -0.001159, 0.000077
890, 0.008946, -0.001154, 0.000081
891, 0.009170, -0.001152, 0.000085
892, 0.009418, -0.001152, 0.000090
893, 0.009699, -0.001167, 0.000095
894, 0.009947, -0.001168, 0.000100
895, 0.010250, -0.001166, 0.000106
896, 0.010551, -0.001175, 0.000113
897, 0.010897, -0.001169, 0.000120
898, 0.011232, -0.001166, 0.000128
899, 0.011611, -0.001172, 0.000136
900, 0.012021, -0.001160, 0.000146
901, 0.012453, -0.001174, 0.000156
902, 0.012917, -0.001168, 0.000168
903, 0.013431, -0.001174, 0.000182
904, 0.013954, -0.001174, 0.000196
905, 0.014560, -0.001173, 0.000213
906, 0.015226, -0.001180, 0.000233
907, 0.015937, -0.001181, 0.000255
908, 0.016732, -0.001183, 0.000281
909, 0.017636, -0.001181, 0.000312
910, 0.018603, -0.001172, 0.000347
911, 0.019740, -0.001178, 0.000391
912, 0.021032, -0.001196, 0.000444
913, 0.022505, -0.001184, 0.000508
914, 0.024250, -0.001189, 0.000589
915, 0.026281, -0.001179, 0.000692
916, 0.028793, -0.001184, 0.000830
917, 0.031858, -0.001179, 0.001016
918, 0.035780, -0.001207, 0.001282
919, 0.040944, -0.001191, 0.001678
920, 0.048108, -0.001176, 0.002316
921, 0.058753, -0.001179, 0.003453
922, 0.076340, -0.001172, 0.005829
923, 0.111289, -0.001169, 0.012387
924, 0.215574, -0.001142, 0.046473
925, 1000.007808, 0.325591, 1000015.722714
926, -0.199856, -0.001276, 0.039944
927, -0.095417, -0.001242, 0.009106
928, -0.060322, -0.001229, 0.003640
929, -0.042543, -0.001229, 0.001811
930, -0.031632, -0.001229, 0.001002
931, -0.024151, -0.001228, 0.000585
932, -0.018599, -0.001226, 0.000347
933, -0.014189, -0.001226, 0.000203
934, -0.010528, -0.001229, 0.000112
935, -0.007354, -0.001223, 0.000056
936, -0.004464, -0.001223, 0.000021
937, -0.001757, -0.001231, 0.000005
938, 0.000922, -0.001217, 0.000002
939, 0.003645, -0.001236, 0.000015
940, 0.006506, -0.001221, 0.000044
941, 0.009698, -0.001231, 0.000096
942, 0.013359, -0.001231, 0.000180
943, 0.017757, -0.001228, 0.000317
944, 0.023313, -0.001230, 0.000545
945, 0.030801, -0.001220, 0.000950
946, 0.041697, -0.001223, 0.001740
947, 0.059480, -0.001216, 0.003539
948, 0.094565, -0.001205, 0.008944
949, 0.198930, -0.001173, 0.039574
950, 999.991203, 0.325562, 999982.512346
951, -0.216492, -0.001310, 0.046871
952, -0.112125, -0.001280, 0.012574
953, -0.077178, -0.001266, 0.005958
954, -0.059575, -0.001262, 0.003551
955, -0.048936, -0.001265, 0.002396
956, -0.041797, -0.001260, 0.001749
957, -0.036618, -0.001267, 0.001342
958, -0.032694, -0.001266, 0.001070
959, -0.029617, -0.001266, 0.000879
960, -0.027130, -0.001266, 0.000738
961, -0.025073, -0.001267, 0.000630
962, -0.023345, -0.001262, 0.000547
963, -0.021860, -0.001266, 0.000479
964, -0.020570, -0.001261, 0.000425
965, -0.019451, -0.001250, 0.000380
966, -0.018458, -0.001266, 0.000342
967, -0.017561, -0.001273, 0.000310
968, -0.016757, -0.001250, 0.000282
969, -0.016057, -0.001267, 0.000259
970, -0.015395, -0.001266, 0.000239
971, -0.014805, -0.001281, 0.000221
972, -0.014240, -0.001274, 0.000204
973, -0.013741, -0.001276, 0.000190
974, -0.013279, -0.001281, 0.000178
975, -0.012853, -0.001278, 0.000167
976, -0.012438, -0.001280, 0.000156
977, -0.012066, -0.001278, 0.000147
978, -0.011707, -0.001278, 0.000139
979, -0.011395, -0.001277, 0.000131
980, -0.011067, -0.001281, 0.000124
981, -0.010784, -0.001286, 0.000118
982, -0.010504, -0.001289, 0.000112
983, -0.010253, -0.001289, 0.000107
984, -0.010006, -0.001291, 0.000102
985, -0.009753, -0.001289, 0.000097
986, -0.009523, -0.001294, 0.000092
987, -0.009324, -0.001293, 0.000089
988, -0.009121, -0.001305, 0.000085
989, -0.008926, -0.001293, 0.000081
990, -0.008744, -0.001287, 0.000078
991, -0.008566, -0.001300, 0.000075
992, -0.008405, -0.001303, 0.000072
993, -0.008249, -0.001306, 0.000070
994, -0.008068, -0.001296, 0.000067
995, -0.007929, -0.001307, 0.000065
996, -0.007755, -0.001303, 0.000062
997, -0.007641, -0.001302, 0.000060
998, -0.007526, -0.001302, 0.000058
999, -0.007379, -0.001307, 0.000056
